0
369
1
326
2
287
3
300
4
297
5
287
6
275
7
314
8
315
9
278
10
846
11
295
12
269
13
298
14
298
15
301
16
310
17
293
18
297
19
288
20
329
21
293
22
353
23
285
24
281
25
271
26
267
27
257
28
309
29
320
30
300
31
273
32
1194
33
305
34
281
35
289
36
299
37
307
38
302
39
272
40
265
41
326
42
273
43
296
44
349
45
351
46
296
47
737
48
1689
49
465
50
490
51
602
52
463
53
505
54
617
55
439
56
398
57
624
58
317
59
285
60
433
61
292
62
446
63
314
64
276
65
346
66
354
67
572
68
346
69
426
70
739
71
303
72
277
73
276
74
297
75
347
76
320
77
308
78
291
79
314
80
293
81
307
82
423
83
345
84
349
85
269
86
284
87
308
88
314
89
303
90
335
91
311
92
286
93
334
94
281
95
296
96
297
97
520
98
490
99
368
100
429
101
840
102
275
103
339
104
382
105
440
106
445
107
281
108
374
109
412
110
636
111
610
112
361
113
291
114
502
115
488
116
611
117
363
118
359
119
298
120
289
121
372
122
289
123
290
124
295
125
288
126
312
127
311
128
235
129
268
130
263
131
274
132
275
133
298
134
288
135
287
136
269
137
283
138
293
139
348
140
259
141
297
142
282
143
292
144
248
145
287
146
271
147
275
148
251
149
295
150
300
151
266
152
311
153
318
154
312
155
295
156
296
157
320
158
306
159
314
160
269
161
291
162
304
163
275
164
314
165
299
166
266
167
305
168
275
169
307
170
295
171
277
172
266
173
298
174
284
175
268
176
284
177
342
178
283
179
314
180
301
181
309
182
306
183
317
184
276
185
283
186
301
187
302
188
308
189
290
190
314
191
307
192
255
193
300
194
295
195
283
196
289
197
335
198
318
199
251
200
287
201
295
202
250
203
317
204
313
205
264
206
315
207
312
208
260
209
302
210
272
211
303
212
300
213
291
214
307
215
266
216
312
217
297
218
315
219
307
220
305
221
235
222
320
223
302
224
249
225
291
226
311
227
286
228
291
229
312
230
274
231
293
232
279
233
303
234
324
235
281
236
311
237
330
238
262
239
274
240
275
241
268
242
298
243
301
244
269
245
272
246
324
247
321
248
273
249
325
250
282
251
280
252
306
253
302
254
308
255
313
257
85656
.pdf